     1    1    1    1     79
     2    1    1    1     75
     3    1    1    1    140
     4    1    1    2    108
     5    1    1    2     77
     6    1    1    2    143
     7    1    1    3     91
     8    1    1    3    199
     9    1    1    3    156
    10    1    2    1    116
    11    1    2    1    140
    12    1    2    1    114
    13    1    2    2    109
    14    1    2    2     92
    15    1    2    2    141
    16    1    2    3    277
    17    1    2    3    206
    18    1    2    3    155
    19    1    3    1    135
    20    1    3    1    102
    21    1    3    1    111
    22    1    3    2    161
    23    1    3    2    281
    24    1    3    2    232
    25    1    3    3    307
    26    1    3    3    204
    27    1    3    3    239
    28    2    1    1    107
    29    2    1    1     73
    30    2    1    1     57
    31    2    1    2     79
    32    2    1    2     72
    33    2    1    2    121
    34    2    1    3     79
    35    2    1    3    273
    36    2    1    3    202
    37    2    2    1    128
    38    2    2    1     97
    39    2    2    1     56
    40    2    2    2    199
    41    2    2    2    138
    42    2    2    2    143
    43    2    2    3    231
    44    2    2    3    232
    45    2    2    3    206
    46    2    3    1    109
    47    2    3    1    137
    48    2    3    1     70
    49    2    3    2    221
    50    2    3    2    240
    51    2    3    2    198
    52    2    3    3    206
    53    2    3    3    192
    54    2    3    3    320
    55    3    1    1    123
    56    3    1    1    193
    57    3    1    1     56
    58    3    1    2     69
    59    3    1    2    145
    60    3    1    2     95
    61    3    1    3    131
    62    3    1    3    195
    63    3    1    3     98
    64    3    2    1     74
    65    3    2    1    159
    66    3    2    1     94
    67    3    2    2    301
    68    3    2    2    394
    69    3    2    2    141
    70    3    2    3    667
    71    3    2    3    290
    72    3    2    3    288
    73    3    3    1     95
    74    3    3    1    102
    75    3    3    1    177
    76    3    3    2    266
    77    3    3    2    196
    78    3    3    2    213
    79    3    3    3    258
    80    3    3    3    532
    81    3    3    3    269
    82    4    1    1    448
    83    4    1    1    264
    84    4    1    1    154
    85    4    1    2    228
    86    4    1    2    117
    87    4    1    2    268
    88    4    1    3    159
    89    4    1    3    204
    90    4    1    3     98
    91    4    2    1    168
    92    4    2    1     75
    93    4    2    1    138
    94    4    2    2    232
    95    4    2    2    334
    96    4    2    2    173
    97    4    2    3    487
    98    4    2    3    259
    99    4    2    3    227
   100    4    3    1     52
   101    4    3    1    110
   102    4    3    1    114
   103    4    3    2    185
   104    4    3    2    474
   105    4    3    2    150
   106    4    3    3    638
   107    4    3    3    239
   108    4    3    3    260
   109    5    1    1    122
   110    5    1    1    142
   111    5    1    1    238
   112    5    1    2    236
   113    5    1    2    286
   114    5    1    2    223
   115    5    1    3    176
   116    5    1    3    379
   117    5    1    3    366
   118    5    2    1    199
   119    5    2    1    264
   120    5    2    1    308
   121    5    2    2    389
   122    5    2    2    304
   123    5    2    2    501
   124    5    2    3    330
   125    5    2    3    537
   126    5    2    3    386
   127    5    3    1    209
   128    5    3    1    125
   129    5    3    1    242
   130    5    3    2    622
   131    5    3    2    597
   132    5    3    2    340
   133    5    3    3   1086
   134    5    3    3    381
   135    5    3    3    450
   136    6    1    1    118
   137    6    1    1    139
   138    6    1    1     92
   139    6    1    2    126
   140    6    1    2    132
   141    6    1    2     69
   142    6    1    3     87
   143    6    1    3    168
   144    6    1    3    136
   145    6    2    1     85
   146    6    2    1     58
   147    6    2    1     81
   148    6    2    2    125
   149    6    2    2     96
   150    6    2    2    119
   151    6    2    3    180
   152    6    2    3    203
   153    6    2    3    189
   154    6    3    1     46
   155    6    3    1    135
   156    6    3    1     92
   157    6    3    2    159
   158    6    3    2     89
   159    6    3    2    199
   160    6    3    3    227
   161    6    3    3    212
   162    6    3    3    215
   163    7    1    1    138
   164    7    1    1    139
   165    7    1    1    280
   166    7    1    2     85
   167    7    1    2    156
   168    7    1    2    165
   169    7    1    3    170
   170    7    1    3    282
   171    7    1    3    159
   172    7    2    1    138
   173    7    2    1    128
   174    7    2    1    174
   175    7    2    2    318
   176    7    2    2    156
   177    7    2    2    250
   178    7    2    3    368
   179    7    2    3    376
   180    7    2    3    571
   181    7    3    1    164
   182    7    3    1     61
   183    7    3    1    108
   184    7    3    2    184
   185    7    3    2    149
   186    7    3    2    270
   187    7    3    3    704
   188    7    3    3    303
   189    7    3    3    250
   190    8    1    1    107
   191    8    1    1     99
   192    8    1    1    119
   193    8    1    2    131
   194    8    1    2    171
   195    8    1    2    165
   196    8    1    3    123
   197    8    1    3    205
   198    8    1    3    279
   199    8    2    1    109
   200    8    2    1    111
   201    8    2    1    406
   202    8    2    2    363
   203    8    2    2    180
   204    8    2    2    306
   205    8    2    3    237
   206    8    2    3    379
   207    8    2    3    227
   208    8    3    1    155
   209    8    3    1    106
   210    8    3    1    113
   211    8    3    2    122
   212    8    3    2    136
   213    8    3    2    188
   214    8    3    3    138
   215    8    3    3    366
   216    8    3    3    380
